 <pre>

 Contingency table for 3h Precipitation (mm/3h)
 Selection: METCOOP    344 stations
Period: 20220816-20220825
Used {All hours} + 03 04 ... 12
 Limits   0.100000001      0.200000003      0.500000000       1.00000000       2.00000000       5.00000000       10.0000000       15.0000000       20.0000000    
 Each class is data <= limit, the very last > last limit
 Total number of values      696722
                                                       OBSERVATION
                                 530565     8449    11593     8836     8663    10486     5576     2048      743      351 |    587310
                                   9695      624     1260     1093     1039     1033      504      132       28       13 |     15421
                                  12638      875     1918     1685     1741     1681      739      188       43       14 |     21522
                                   8802      744     1746     1586     1748     1851      766      180       60       25 |     17508
                      MNWC_ref     7771      757     1514     1760     2138     2496      964      246       69       29 |     17744
                                   8300      673     1405     1863     2779     4318     1992      542      169       89 |     22130
                                   3431      224      436      751     1190     2213     1433      567      212      123 |     10580
                                    721       53      117      157      280      554      501      297      128       68 |      2876
                                    203       17       43       62       92      178      164      161       60       31 |      1011
                                    126       10       25       41       48      110       95       99       47       19 |       620

                    SUM          582252    12426    20057    17834    19718    24920    12734     4460     1559      762 |    696722
                                                       OBSERVATION
                                 526303     8363    11619     8949     8919    10869     5743     2053      779      324 |    583921
                                  10101      546     1160      979     1020     1011      446       99       23       10 |     15395
                                  13648      967     1893     1635     1655     1768      731      211       57       15 |     22580
                                   9937      783     1667     1559     1686     1874      734      223       42       28 |     18533
                       MNWC_1h     8860      757     1640     1755     2175     2516      968      267       79       47 |     19064
                                   8947      708     1439     1980     2835     4176     2070      571      191       91 |     23008
                                   3488      222      467      732     1037     2042     1436      613      236      114 |     10387
                                    717       56      123      172      256      453      417      256       89       60 |      2599
                                    173       15       31       42       91      133      120      104       34       27 |       770
                                     78        9       18       31       44       78       69       63       29       46 |       465

                    SUM          582252    12426    20057    17834    19718    24920    12734     4460     1559      762 |    696722

