 <pre>

 Contingency table for Rh2m (%)
 Selection: METCOOP    518 stations
Period: 20220816-20220825
Used {All hours} + 00 01 ... 12
 Limits    30.0000000       50.0000000       65.0000000       75.0000000       85.0000000       95.0000000       100.000000    
 Each class is data <= limit, the very last > last limit
 Total number of values     1332935
                                              OBSERVATION
                                      9      462        0        0        0        0        0        0 |       471
                                     69    43432    29758     2592      645      108       19        0 |     76623
                                      0    18084   104916    52434    18399     5974     1194        0 |    201001
                      MNWC_ref        0     1831    37210    89882    74930    26621     5942        0 |    236416
                                      0      343    10878    48673   123438    90213    25358        0 |    298903
                                      0       55     2284    12190    60847   158121    93012        0 |    326509
                                      0        4      328     1532    11600    52271   111957        0 |    177692
                                      0        0        3       33      617     3844    10823        0 |     15320

                    SUM              78    64211   185377   207336   290476   337152   248305        0 |   1332935
                                              OBSERVATION
                                     17      481        0        0        1        0        0        0 |       499
                                     61    41068    26270     2461      788      161        7        0 |     70816
                                      0    20350   107311    52328    19487     6361     1562        0 |    207399
                       MNWC_1h        0     1792    38257    90644    75715    29712     7380        0 |    243500
                                      0      458    10636    47855   123690    96011    28541        0 |    307191
                                      0       46     2604    12538    58956   155518   100286        0 |    329948
                                      0       16      299     1493    11326    46620   102178        0 |    161932
                                      0        0        0       17      513     2769     8351        0 |     11650

                    SUM              78    64211   185377   207336   290476   337152   248305        0 |   1332935

