 <pre>

 Contingency table for Low clouds (octas)
 Selection: METCOOP    232 stations
Period: 20220816-20220825
Used {All hours} + 01 02 ... 12
 Limits    1.00000000       2.00000000       3.00000000       4.00000000       5.00000000       6.00000000       7.00000000    
 Each class is data <= limit, the very last > last limit
 Total number of values      344092
                                              OBSERVATION
                                 148043    10025     8424     5839     5545     4520     7585    15861 |    205842
                                   5288     1296     1284      999     1038      900     1756     3131 |     15692
                                   3242      902      823      645      758      633     1304     2406 |     10713
                      MNWC_ref     2507      781      768      601      658      605     1167     2010 |      9097
                                   2097      738      688      616      638      542     1175     2037 |      8531
                                   2026      668      725      577      670      600     1339     2190 |      8795
                                   2472      997     1042      761      902      759     1910     3543 |     12386
                                   5913     3883     3931     3890     4163     4390    12224    34642 |     73036

                    SUM          171588    19290    17685    13928    14372    12949    28460    65820 |    344092
                                              OBSERVATION
                                 146003    10373     8599     6211     5868     4960     8406    18565 |    208985
                                   5751     1383     1239      902     1056      892     1904     3462 |     16589
                                   3249      905      928      662      697      635     1308     2632 |     11016
                       MNWC_1h     2684      733      810      577      652      592     1137     2179 |      9364
                                   2369      673      678      544      590      542     1159     2118 |      8673
                                   2230      731      767      559      634      526     1227     2350 |      9024
                                   2680      882      966      801      897      748     1876     3515 |     12365
                                   6622     3610     3698     3672     3978     4054    11443    30999 |     68076

                    SUM          171588    19290    17685    13928    14372    12949    28460    65820 |    344092

