 <pre>

 Contingency table for Rh2m (%)
 Selection: ALL   1053 stations
Period: 20220816-20220825
Used {All hours} + 00 01 ... 12
 Limits    30.0000000       50.0000000       65.0000000       75.0000000       85.0000000       95.0000000       100.000000    
 Each class is data <= limit, the very last > last limit
 Total number of values     2441564
                                              OBSERVATION
                                   1875     3792       42        0        6        0        0        0 |      5715
                                   1760   130398    71772     6818     2014      517       65        0 |    213344
                                      6    34779   214035   116941    43056    12956     2431        0 |    424204
                      MNWC_ref        1     2832    59782   165073   140441    53092    11124        0 |    432345
                                      0      632    15581    76361   215143   166209    43307        0 |    517233
                                      0      102     3454    18353    95553   289577   160575        0 |    567614
                                      0        7      425     2091    14752    78114   167872        0 |    263261
                                      0        0        3       46      643     4221    12935        0 |     17848

                    SUM            3642   172542   365094   385683   511608   604686   398309        0 |   2441564
                                              OBSERVATION
                                   2363     6940      253        9        6        0        0        0 |      9571
                                   1272   123631    72243    10799     3621     1115      247        0 |    212928
                                      7    38119   213442   118952    49786    17178     3927        0 |    441411
                       MNWC_1h        0     2934    59960   161776   142047    59414    13785        0 |    439916
                                      0      793    14999    73801   210515   174781    47782        0 |    522671
                                      0      104     3788    18273    90486   279657   168794        0 |    561102
                                      0       21      409     2052    14590    69434   153694        0 |    240200
                                      0        0        0       21      557     3107    10080        0 |     13765

                    SUM            3642   172542   365094   385683   511608   604686   398309        0 |   2441564

