 <pre>

 Contingency table for Cloud cover (octas)
 Selection: METCOOP     40 stations
Period: 20220816-20220825
Used {All hours} + 01 02 ... 12
 Limits   0.500000000       1.50000000       2.50000000       3.50000000       4.50000000       5.50000000       6.50000000       7.50000000    
 Each class is data <= limit, the very last > last limit
 Total number of values       28356
                                                       OBSERVATION
                                   1519      575      527      309      329      235      207      245      387 |      4333
                                    266      143      164      163      150      181      175      177      246 |      1665
                                    207       86      100       96       86      103      129      154      150 |      1111
                                    180       55       65       81       67       87      131      146      140 |       952
                      MNWC_ref      183       58       66       74       66      125      116      143      201 |      1032
                                    175       50       78       83       58      104      127      195      195 |      1065
                                    189       51       81       95       69      126      129      260      264 |      1264
                                    276       60      128      142      132      182      258      447      519 |      2144
                                    565      206      327      356      367      695     1189     3257     7828 |     14790

                    SUM            3560     1284     1536     1399     1324     1838     2461     5024     9930 |     28356
                                                       OBSERVATION
                                   1473      574      520      295      254      257      192      165      514 |      4244
                                    281      146      196      152      158      147      161      156      248 |      1645
                                    222       87      112       99       91      120      115      144      175 |      1165
                                    176       60       75       77       59      113      122      164      169 |      1015
                       MNWC_1h      182       41       63       94       74       96      120      161      165 |       996
                                    211       36       70       88       73      101      144      179      200 |      1102
                                    201       50       87       98       74      105      155      251      292 |      1313
                                    278       66      117      131      122      173      254      436      523 |      2100
                                    536      224      296      365      419      726     1198     3368     7644 |     14776

                    SUM            3560     1284     1536     1399     1324     1838     2461     5024     9930 |     28356

