 <pre>

 Contingency table for 3h Precipitation (mm/3h)
 Selection: ALL    600 stations
Period: 20220816-20220825
Used {All hours} + 03 04 ... 12
 Limits   0.100000001      0.200000003      0.500000000       1.00000000       2.00000000       5.00000000       10.0000000       15.0000000       20.0000000    
 Each class is data <= limit, the very last > last limit
 Total number of values     1113097
                                                       OBSERVATION
                                 889672    12743    16206    12218    11824    13432     7508     2650      886      418 |    967557
                                  13584      899     1624     1405     1394     1331      642      166       37       28 |     21110
                                  17411     1268     2438     2228     2346     2264      988      258       58       26 |     29285
                                  12343     1014     2174     2078     2273     2447     1041      270       78       37 |     23755
                      MNWC_ref    10540      978     1973     2250     2835     3311     1291      333       90       39 |     23640
                                  11071      867     1850     2385     3645     5429     2599      658      216       97 |     28817
                                   4416      289      580      927     1575     2692     1857      652      248      135 |     13371
                                    951       67      143      189      363      671      601      323      146       79 |      3533
                                    265       22       49       74      114      202      203      179       64       41 |      1213
                                    180       12       31       50       59      133      154      115       49       33 |       816

                    SUM          960433    18159    27068    23804    26428    31912    16884     5604     1872      933 |   1113097
                                                       OBSERVATION
                                 885051    12697    16197    12495    12332    13950     7690     2599      923      369 |    964303
                                  13888      778     1528     1276     1343     1361      578      167       38       23 |     20980
                                  18477     1295     2454     2130     2223     2400      972      288       76       31 |     30346
                                  13508     1050     2085     2005     2298     2550      994      318       59       33 |     24900
                       MNWC_1h    12046      995     2113     2224     2817     3302     1409      367      102       59 |     25434
                                  11683      939     1860     2475     3587     5090     2684      692      245      115 |     29370
                                   4433      310      603      894     1327     2414     1760      696      267      129 |     12833
                                    953       66      144      213      335      552      518      287       97       69 |      3234
                                    276       19       50       54      112      176      160      117       36       43 |      1043
                                    118       10       34       38       54      117      119       73       29       62 |       654

                    SUM          960433    18159    27068    23804    26428    31912    16884     5604     1872      933 |   1113097

