 <pre>

 Contingency table for Visibility (m)
 Selection: ALL    713 stations
Period: 20220816-20220825
Used {All hours} + 00 01 ... 12
 Limits    1000.00000       5000.00000       10000.0000       20000.0000    
 Each class is data <= limit, the very last > last limit
 Total number of values     1493426
                                     OBSERVATION
                                   5675     3408     2504     2511     3449 |     17547
                                  13351    23865    28584    35610    34286 |    135696
                      MNWC_ref     5330    14462    23890    47573    60687 |    151942
                                   3272    12524    30737   102434   220730 |    369697
                                   3580    11032    46972   199437   557523 |    818544

                    SUM           31208    65291   132687   387565   876675 |   1493426
                                     OBSERVATION
                                   4254     2343     1844     2395     3311 |     14147
                                  12901    22039    25428    32150    32471 |    124989
                       MNWC_1h     5854    15019    23236    43390    57950 |    145449
                                   3931    13330    31110   101094   218234 |    367699
                                   4268    12560    51069   208536   564709 |    841142

                    SUM           31208    65291   132687   387565   876675 |   1493426

