 <pre>

 Contingency table for Low clouds (octas)
 Selection: ALL    623 stations
Period: 20220816-20220825
Used {All hours} + 01 02 ... 12
 Limits    1.00000000       2.00000000       3.00000000       4.00000000       5.00000000       6.00000000       7.00000000    
 Each class is data <= limit, the very last > last limit
 Total number of values      919265
                                              OBSERVATION
                                 458460    30391    21288    14175    13371    11491    17665    30950 |    597791
                                  17072     3202     3140     2365     2332     2133     4218     6797 |     41259
                                  10430     2257     2134     1686     1707     1597     3211     5344 |     28366
                      MNWC_ref     8728     2037     1994     1436     1543     1483     2863     4728 |     24812
                                   7559     1974     1946     1507     1579     1425     2924     4983 |     23897
                                   7135     1952     2066     1600     1732     1607     3441     5616 |     25149
                                   8131     2532     2656     2143     2265     2154     5030     9098 |     34009
                                  16662     7469     7900     7287     8026     8520    24373    63745 |    143982

                    SUM          534177    51814    43124    32199    32555    30410    63725   131261 |    919265
                                              OBSERVATION
                                 460584    32241    22893    15679    14988    13170    21710    38238 |    619503
                                  17323     3275     3049     2296     2335     2194     4493     7628 |     42593
                                  10129     2156     2153     1594     1598     1531     3120     5771 |     28052
                       MNWC_1h     8252     1822     1879     1414     1536     1423     2786     4933 |     24045
                                   7342     1757     1746     1449     1468     1383     2767     4939 |     22851
                                   6878     1861     1941     1523     1556     1378     2974     5591 |     23702
                                   7916     2209     2467     1961     2143     2027     4543     8695 |     31961
                                  15753     6493     6996     6283     6931     7304    21332    55466 |    126558

                    SUM          534177    51814    43124    32199    32555    30410    63725   131261 |    919265

