 <pre>

 Contingency table for Cloud base (m)
 Selection: METCOOP    232 stations
Period: 20220816-20220825
Used {All hours} + 01 02 ... 12
 Limits    70.0000000       150.000000       300.000000       600.000000       1000.00000       1500.00000       2500.00000       5000.00000    
 Each class is data <= limit, the very last > last limit
 Total number of values      325254
                                                       OBSERVATION
                                   3659     1793     1231      247      101       74      128       39      543 |      7815
                                   1035     1704     2059      613      113      108       52       39       36 |      5759
                                   1104     3068     5675     2320      390      245      139      143      178 |     13262
                                    702     2133     7071     6545     1774      617      280      302      263 |     19687
                      MNWC_ref      462     1120     3194     6467     4603     1617      697      591      457 |     19208
                                    652     1115     2179     2584     3742     4482     1878     1236      762 |     18630
                                    723     1126     2063     2499     2546     4072     6760     4162     2304 |     26255
                                    987     1242     2628     2702     2620     3047     5493    20191     4030 |     42940
                                   8390     4959     8380    10803     9375    14062    14187    19683    81859 |    171698

                    SUM           17714    18260    34480    34780    25264    28324    29614    46386    90432 |    325254
                                                       OBSERVATION
                                   3223     1158      676      127       84       35       92       84      658 |      6137
                                   1093     1382     1620      486      104       78       76       48       90 |      4977
                                   1082     2628     5065     2035      414      247      148      131      134 |     11884
                                    616     2211     6748     5975     1686      569      285      347      243 |     18680
                       MNWC_1h      520     1237     3292     6080     4387     1637      663      688      518 |     19022
                                    699     1099     2099     2716     3452     4594     2028     1399     1033 |     19119
                                    733     1197     2101     2453     2654     3848     6094     3558     2781 |     25419
                                   1183     1603     3039     2914     2818     3404     5706    17207     3869 |     41743
                                   8565     5745     9840    11994     9665    13912    14522    22924    81106 |    178273

                    SUM           17714    18260    34480    34780    25264    28324    29614    46386    90432 |    325254

