 <pre>

 Contingency table for Cloud base (m)
 Selection: ALL    634 stations
Period: 20220816-20220825
Used {All hours} + 01 02 ... 12
 Limits    70.0000000       150.000000       300.000000       600.000000       1000.00000       1500.00000       2500.00000       5000.00000    
 Each class is data <= limit, the very last > last limit
 Total number of values      876875
                                                       OBSERVATION
                                   5275     2082     1460      317      121       90      145      110      958 |     10558
                                   1902     2362     2558      755      162      167       91       79      293 |      8369
                                   1900     4803     8451     3749      850      447      329      295      633 |     21457
                                   1433     3736    12102    13901     3972     1374      801      606     1072 |     38997
                      MNWC_ref     1210     2333     7003    13513    10937     3938     1907     1388     3260 |     45489
                                   1008     1913     4392     5822     9570    12934     5749     2992     4751 |     49131
                                   1237     2204     4716     6848     8489    14107    24112    13499    13719 |     88931
                                   1538     2596     5524     6726    10477     8209    14596    51255    12523 |    113444
                                  12157     7458    14711    22489    29271    34996    40821    69970   268626 |    500499

                    SUM           27660    29487    60917    74120    73849    76262    88551   140194   305835 |    876875
                                                       OBSERVATION
                                   4354     1484      887      190      102       42      119      154     1305 |      8637
                                   1702     1732     1963      583      143      112      101       88      207 |      6631
                                   1702     3848     7036     3122      823      424      281      265      353 |     17854
                                   1065     3557    10683    11095     3402     1208      716      614      777 |     33117
                       MNWC_1h      934     2302     6465    11768     9405     3638     1703     1487     2626 |     40328
                                   1045     2073     4390     5891     8963    11975     5583     2965     4506 |     47391
                                   1499     2396     5144     6961     8442    13577    22708    11958    15109 |     87794
                                   2155     3210     6471     7949    11512     9793    16163    48959    14214 |    120426
                                  13204     8885    17878    26561    31057    35493    41177    73704   266738 |    514697

                    SUM           27660    29487    60917    74120    73849    76262    88551   140194   305835 |    876875

