 <pre>

 Contingency table for 6h Precipitation (mm/6h)
 Selection: ALL    682 stations
Period: 20220816-20220825
Used {All hours} + 06-00 07-01 08-02 09-03 10-04 11-05 12-06
 Limits   0.100000001      0.200000003      0.500000000       1.00000000       2.00000000       5.00000000       10.0000000       20.0000000       35.0000000    
 Each class is data <= limit, the very last > last limit
 Total number of values      807010
                                                       OBSERVATION
                                 599309    10325    12809     8827     8059     9663     5751     3327      599        0 |    658669
                                  11386      821     1401     1163     1147     1147      691      346       49        0 |     18151
                                  14656     1188     2238     1932     2043     2175     1042      484       78        0 |     25836
                                  10509     1002     1936     1794     2004     2369     1067      490       83        0 |     21254
                      MNWC_ref     9382      981     1946     2124     2501     3235     1637      646      128        2 |     22582
                                  10001      995     2047     2532     3662     5911     3382     1444      210       22 |     30206
                                   5404      485      913     1142     1770     3550     3075     1829      309       48 |     18525
                                   2146      164      362      482      686     1658     1764     1662      446       67 |      9437
                                    347       27       74       91      104      277      399      490      236       31 |      2076
                                     34        0        8       10        7       29       61       92       25        8 |       274

                    SUM          663174    15988    23734    20097    21983    30014    18869    10810     2163      178 |    807010
                                                       OBSERVATION
                                 596135    10413    13001     9290     8575    10218     5977     3404      536        0 |    657549
                                  11352      725     1319      999     1097     1136      583      344       50        0 |     17605
                                  14646     1172     2100     1860     1863     2219     1064      536       73        0 |     25533
                                  11158      966     1871     1768     1952     2534     1124      520       84        1 |     21978
                       MNWC_1h    10696     1014     2040     2011     2504     3318     1627      722      118        4 |     24054
                                  11310     1116     2093     2466     3613     5533     3505     1477      278       16 |     31407
                                   5491      452      889     1175     1644     3393     3052     1853      389       40 |     18378
                                   2077      119      360      465      639     1340     1608     1553      452       54 |      8667
                                    282       11       56       59       88      293      307      345      163       48 |      1652
                                     27        0        5        4        8       30       22       56       20       15 |       187

                    SUM          663174    15988    23734    20097    21983    30014    18869    10810     2163      178 |    807010

