 <pre>

 Contingency table for Visibility (m)
 Selection: METCOOP    267 stations
Period: 20220816-20220825
Used {All hours} + 00 01 ... 12
 Limits    1000.00000       5000.00000       10000.0000       20000.0000    
 Each class is data <= limit, the very last > last limit
 Total number of values      617868
                                     OBSERVATION
                                   4386     2723     2128     2136     3116 |     14489
                                   7531    14166    16951    18843    21371 |     78862
                      MNWC_ref     2333     4691     7513    13044    23695 |     51276
                                   2046     4717     9547    25785    96503 |    138598
                                   1909     4682     9388    46857   271807 |    334643

                    SUM           18205    30979    45527   106665   416492 |    617868
                                     OBSERVATION
                                   3467     1933     1511     1848     2722 |     11481
                                   7317    13254    15144    17092    20186 |     72993
                       MNWC_1h     2615     5247     7917    12411    22926 |     51116
                                   2371     5261    10302    27059    95631 |    140624
                                   2435     5284    10653    48255   275027 |    341654

                    SUM           18205    30979    45527   106665   416492 |    617868

