 <pre>

 Contingency table for Cloud cover (octas)
 Selection: ALL    403 stations
Period: 20220816-20220825
Used {All hours} + 01 02 ... 12
 Limits   0.500000000       1.50000000       2.50000000       3.50000000       4.50000000       5.50000000       6.50000000       7.50000000    
 Each class is data <= limit, the very last > last limit
 Total number of values      598891
                                                       OBSERVATION
                                  61836    13228    13520     6025     3749     4457     4112     4067     6160 |    117154
                                  16244     4850     4654     3442     2348     2994     3508     3926     6824 |     48790
                                   8774     2552     2760     2226     1661     2254     2751     3165     5878 |     32021
                                   6512     1929     2142     1797     1473     1983     2539     3197     6059 |     27631
                      MNWC_ref     5832     1871     1961     1752     1445     1910     2643     3586     6650 |     27650
                                   5528     1838     2031     1895     1445     2157     2925     4369     8095 |     30283
                                   5749     1973     2050     2106     1714     2505     3621     5683    10780 |     36181
                                   7638     2526     2724     2938     2276     3486     5726     9795    18890 |     55999
                                  13106     5835     4991     5962     4838     9136    15257    46253   117804 |    223182

                    SUM          131219    36602    36833    28143    20949    30882    43082    84041   187140 |    598891
                                                       OBSERVATION
                                  59498    13330    13521     6261     3927     4743     4348     4382     7802 |    117812
                                  16332     4567     4693     3378     2443     3044     3484     4115     7364 |     49420
                                   8921     2549     2844     2190     1694     2224     2751     3425     6319 |     32917
                                   6812     2025     2213     1812     1351     1943     2539     3275     6059 |     28029
                       MNWC_1h     5989     1784     2123     1758     1375     1894     2699     3673     6586 |     27881
                                   5762     1750     1945     1811     1374     2126     2987     4346     7901 |     30002
                                   6182     1943     2049     2037     1648     2501     3696     5679    10667 |     36402
                                   7879     2625     2689     2856     2182     3623     5636     9640    18299 |     55429
                                  13844     6029     4756     6040     4955     8784    14942    45506   116143 |    220999

                    SUM          131219    36602    36833    28143    20949    30882    43082    84041   187140 |    598891

